#PK for (anvil 0) :  0xf39Fd6e51aad88F6F4ce6aB8827279cffFb92266
RELAYER_EVM_PK="0xac0974bec39a17e36ba4a6b4d238ff944bacb478cbed5efcae784d7bf4f2ff80"


ALICE_ADDRESS=0x15d34AAf54267DB7D7c367839AAf71A00a2C6A65
ALICE_PRIVATE_KEY=0x47e179ec197488593b187f80a00eb0da91f1b9d0b13f8733639f19c30a34926a


ALICE_ADDRESS_SOLANA=EKTxNW1LbtVmefnoabWxVDtYeyLsxewjgDBrq3pypeEX
ALICE_PRIVATE_KEY_SOLANA=[206,  68,  21, 207, 172,  23, 157, 200,  18,  62, 141, 252, 194, 240,  58,  18,  42, 103,  21, 106,  31,  27, 117,  65,  38, 194,  24, 191, 103, 140, 105,  78,  95, 178, 253, 225, 114,  20, 161, 111, 202, 232, 214, 226, 235,  11, 172,  70, 214, 125, 244, 151, 165, 101, 108, 61, 225, 211, 141,  29, 179, 240, 202, 132]
OWNER_PRIVATE_KEY_SOLANA=[81,  56,  80, 218,  15, 214, 135,  13, 127,   6, 138, 113, 201, 152,  48, 216, 232, 223, 129, 141,  14, 233, 82, 240,   2,  95,  55, 164,  12, 132, 218, 232, 254, 231, 148,  68, 151, 165,  19,  35, 133, 172,  52, 154, 117, 188, 176, 112, 169, 113, 207,  68, 210, 157,  47,26, 126,  61, 148, 161, 109,  34, 185,  76]
RELAYER_PRIVATE_KEY_SOLANA=[197, 117, 198,  47,  87,  54, 184, 104,  55,  19, 222, 44,  66,   9, 254, 198,  56, 243, 197,  22,  88, 107, 127, 149,  70,  47,  34,  68, 181, 216,   3, 122, 146, 156, 207, 248, 182,  85, 144, 246, 107, 102, 194, 199, 106, 214,  94, 199,  59, 114, 159, 202, 243, 149, 236, 162, 217,  19, 126,  80,  62, 173,  83, 209]